2.388913738076947624e-01
1.151102849352889201e+00
2.009485082497058261e+00
4.837340287066933087e+00
1.420971680463077869e+00
9.091356915277615247e-01
4.346195834263165025e+00
3.405467287135666155e+00
4.029082477794167616e+00
2.845826064619911389e+00
2.262064526929123520e+00
1.866788430629484630e+00
7.225923959189989310e-01
4.001257653121534474e+00
4.924899910812147175e-01
3.426355638560356187e+00
2.303102976526228751e+00
2.373576317806352698e+00
6.479073258977879890e-01
1.051655927574557392e-01
2.531700835877895628e+00
4.240986360921495724e+00
4.547093456267475853e-01
2.323187976939922184e-02
3.517971710465462198e+00
3.956294075601811677e+00
4.828247293391391359e+00
8.455775671461690512e-01
2.728609853347943481e+00
4.750503998373255321e+00
1.077800180293965848e+00
2.742605536802169119e+00
1.162963366087455430e+00
1.612501107589850990e+00
4.308413960574325463e-01
3.947403015326160336e+00
3.626374654126570896e+00
2.509876438900199291e-01
1.934563309508443574e+00
1.167947505525085417e+00
4.558080671611175028e+00
4.204087497562134956e+00
2.253258379431377634e-01
5.762710060734788087e-01
3.210512160224339162e+00
3.858576748288593095e+00
2.176366959075951790e+00
4.245929005542055101e+00
2.914487595530033115e+00
2.608681178751023566e+00
1.114538423877242668e+00
4.143330497285576897e+00
2.253318385103835197e+00
4.744234552563013629e+00
1.785473964454098450e+00
2.426565066290745420e+00
1.320931702198799851e+00
3.338917324556114785e+00
3.899331440613800215e+00
4.657092951239995671e+00
2.548983680234239824e+00
2.553172051762437444e+00
3.818703734031203556e+00
2.144361993008439438e+00
4.834319786581236400e+00
4.553535915745196228e+00
1.623079344549996250e+00
3.272811235623587223e+00
4.141443522916691045e+00
5.061261751385842667e-01
2.636257515700908716e+00
2.029912827230169636e+00
2.909635913956875708e+00
7.674200183686114007e-01
3.876073392490073211e+00
1.736841630168258099e+00
4.508701080398695105e+00
7.964199811737709966e-01
1.650969641437897817e+00
2.644133397814561803e+00
1.829778854543795408e-01
2.000321185547510039e-01
3.495403257151630250e-01
2.791811628313727311e+00
3.113400333351986404e+00
1.387939455661621579e+00
4.264271057869566839e+00
1.389702504919752002e+00
6.844229141365343327e-02
1.903039582959985543e+00
1.650071936700963082e+00
8.760671025878191687e-01
1.545799470842637025e+00
1.163352390075944154e+00
2.636704001493018978e+00
1.932785453871277426e-01
2.442506406006179631e+00
3.230380449882552352e+00
2.581002799904543288e+00
4.434874691225437537e+00
1.266441794521177666e+00
4.278185058325669310e+00
1.213478443437426169e+00
1.963167524668946173e+00
2.678435403087278566e+00
3.809509911700150742e+00
1.583271432565697134e+00
4.039749618310530366e+00
1.587246455381213117e+00
4.268549309212958498e+00
4.019778204270022748e+00
1.534620146479483527e+00
2.952053396702126520e+00
1.687256990365717080e+00
1.904374698373914043e+00
3.299586216698721763e+00
2.649908647123950356e+00
6.733452829058611533e-01
1.750055322315811068e+00
1.327446094797026355e+00
2.442707470838072048e+00
2.780939452700192049e+00
1.569601679342699230e+00
4.560473935955183578e+00
1.174824858248334492e+00
5.432673921860659005e-01
2.434014559225091467e+00
3.985132346751950827e+00
2.986147296926914940e+00
2.646167500765057135e+00
2.423819519121115373e+00
4.548557152759903133e+00
2.425071492538375395e+00
2.513915571668569271e+00
4.608655081555185218e-01
5.714084343576009140e-03
2.043209192944053232e+00
4.660656615544608528e+00
1.573884864032430553e+00
1.133532208834483468e+00
3.771785363560548054e-01
3.947816334637075375e+00
1.752189254387240158e+00
1.551489281118851871e+00
2.654704517756931281e+00
1.541196141406320219e-01
4.905898130235822663e+00
2.854873583505193047e+00
4.415823023835089955e+00
3.069792297917649293e+00
3.808974443629949747e+00
1.187756434710786069e+00
4.921555475964073167e+00
4.516221358016535348e+00
3.841253001272860068e+00
3.454899340886641301e-01
4.706242407744384515e+00
1.194441577292244538e+00
4.253014736692152908e+00
3.872374072831072933e+00
7.640555804784177063e-02
1.544682270903640076e+00
2.382066896105159426e+00
